       35422.9       3.30750       0.00000
       41326.7       3.30270       0.00000
       42751.7       3.30170       0.00000
       44278.6       3.30080       0.00000
       45918.5       3.29980       0.00000
       47684.6       3.29880       0.00000
       49592.0       3.29780       0.00000
       51658.3       3.29680       0.00000
       53904.3       3.29540       0.00000
       56354.5       3.29460       0.00000
       59038.1       3.29340       0.00000
       61990.0       3.29210       0.00000
       65252.6       3.29070       0.00000
       68877.8       3.28910       0.00000
       72929.4       3.28740       0.00000
       77487.5       3.28540       0.00000
       82653.3       3.28310       0.00000
       88557.1       3.28030       0.00000
       95369.2       3.27690       0.00000
       103317.       3.27270       0.00000
       112709.       3.26710       0.00000
       123980.       3.25970   4.93000e-06
       137756.       3.24930   1.64000e-05
       154975.       3.23360   2.83000e-05
       177114.       3.20810   0.000232000
       190738.       3.18860    0.00827000
       192217.       3.20500    0.00627000
       206633.       3.16090    0.00345000
       208370.       3.17600    0.00318000
       217509.       3.15700    0.00450000
       229593.       3.12600    0.00456000
       238423.       3.10000    0.00343000
       250465.       3.05800    0.00207000
       263787.       2.99700    0.00233000
       277795.       2.91300    0.00650000
       285734.       2.85100    0.00840000
       294140.       2.77000     0.0113000
       302981.       2.65900     0.0159000
       312450.       2.49500     0.0243000
