  9.3575000e+000  3.1735214e+000  9.5221002e-001  9.6759022e-001  2.9395480e-002  1.3067610e-002
  9.4150000e+000  3.1669685e+000  9.4866352e-001  9.6341712e-001  3.2262995e-002  1.6419895e-002
  9.4725000e+000  3.1608524e+000  9.4585576e-001  9.5962046e-001  3.4493435e-002  1.9552789e-002
  9.5300000e+000  3.1552152e+000  9.4402278e-001  9.5644362e-001  3.5938498e-002  2.2316138e-002
  9.5875000e+000  3.1500937e+000  9.4325653e-001  9.5400646e-001  3.6526841e-002  2.4605345e-002
  9.6450000e+000  3.1455163e+000  9.4349928e-001  9.5229975e-001  3.6260132e-002  2.6358145e-002
  9.7025000e+000  3.1415041e+000  9.4461561e-001  9.5126590e-001  3.5208314e-002  2.7548052e-002
  9.7600000e+000  3.1380664e+000  9.4641383e-001  9.5082240e-001  3.3495194e-002  2.8170443e-002
  9.8175000e+000  3.1351951e+000  9.4866682e-001  9.5088103e-001  3.1280910e-002  2.8227714e-002
  9.8750000e+000  3.1328768e+000  9.5117993e-001  9.5140730e-001  2.8719578e-002  2.7698160e-002
  9.9325000e+000  3.1310959e+000  9.5382492e-001  9.5242833e-001  2.5932209e-002  2.6535919e-002
  9.9900000e+000  3.1298153e+000  9.5647786e-001  9.5394445e-001  2.3035734e-002  2.4724281e-002
  1.0047500e+001  3.1289833e+000  9.5901101e-001  9.5590374e-001  2.0150044e-002  2.2301326e-002
  1.0105000e+001  3.1285453e+000  9.6129241e-001  9.5819273e-001  1.7400301e-002  1.9372661e-002
  1.0162500e+001  3.1284456e+000  9.6317457e-001  9.6063156e-001  1.4922761e-002  1.6110262e-002
  1.0220000e+001  3.1286052e+000  9.6446201e-001  9.6297345e-001  1.2877273e-002  1.2726716e-002
  1.0277500e+001  3.1289436e+000  9.6497975e-001  9.6497171e-001  1.1402368e-002  9.4332387e-003
  1.0335000e+001  3.1293888e+000  9.6459874e-001  9.6640403e-001  1.0596678e-002  6.4225897e-003
  1.0392500e+001  3.1298792e+000  9.6323877e-001  9.6707943e-001  1.0515381e-002  3.8608819e-003
  1.0450000e+001  3.1303648e+000  9.6086675e-001  9.6684186e-001  1.1171891e-002  1.8838825e-003
  1.0507500e+001  3.1308185e+000  9.5752678e-001  9.6560681e-001  1.2539688e-002  5.9784017e-004
  1.0565000e+001  3.1312467e+000  9.5336521e-001  9.6339831e-001  1.4556026e-002  7.8821113e-005
  1.0622500e+001  3.1316731e+000  9.4856350e-001  9.6029384e-001  1.7134899e-002  3.6561218e-004
  1.0680000e+001  3.1321333e+000  9.4332281e-001  9.5641585e-001  2.0173368e-002  1.4563108e-003
  1.0737500e+001  3.1326710e+000  9.3785551e-001  9.5192666e-001  2.3556726e-002  3.3079760e-003
  1.0795000e+001  3.1333339e+000  9.3237639e-001  9.4701994e-001  2.7163269e-002  5.8391813e-003
  1.0852500e+001  3.1341700e+000  9.2707029e-001  9.4188071e-001  3.0866990e-002  8.9344687e-003
  1.0910000e+001  3.1352225e+000  9.2204686e-001  9.3662755e-001  3.4538704e-002  1.2449845e-002
  1.0967500e+001  3.1365306e+000  9.1739235e-001  9.3137211e-001  3.8053766e-002  1.6222672e-002
  1.1025000e+001  3.1381282e+000  9.1317696e-001  9.2622472e-001  4.1297323e-002  2.0081702e-002
  1.1082500e+001  3.1400417e+000  9.0945223e-001  9.2128754e-001  4.4168371e-002  2.3856595e-002
  1.1140000e+001  3.1422899e+000  9.0624926e-001  9.1664863e-001  4.6583144e-002  2.7386502e-002
  1.1197500e+001  3.1448831e+000  9.0357829e-001  9.1237794e-001  4.8477610e-002  3.0527231e-002
  1.1255000e+001  3.1478261e+000  9.0143933e-001  9.0853616e-001  4.9807417e-002  3.3155743e-002
  1.1312500e+001  3.1511176e+000  8.9981829e-001  9.0516724e-001  5.0549129e-002  3.5175066e-002
  1.1370000e+001  3.1547496e+000  8.9867750e-001  9.0228526e-001  5.0702155e-002  3.6518656e-002
  1.1427500e+001  3.1587088e+000  8.9795628e-001  8.9987344e-001  5.0288670e-002  3.7152198e-002
  1.1485000e+001  3.1629777e+000  8.9757243e-001  8.9788484e-001  4.9352719e-002  3.7073938e-002
  1.1542500e+001  3.1675361e+000  8.9742461e-001  8.9624428e-001  4.7958490e-002  3.6313655e-002
  1.1600000e+001  3.1723617e+000  8.9739877e-001  8.9485608e-001  4.6188308e-002  3.4930613e-002
